39.97015406688251
386.0752169521517
460.57995999415937
454.0893886072459
560.2379393378301
419.68464181116866
390.52107657425125
402.91288047601813
19.777259799076674
352.02798917169076
510.5296877487479
470.0
450.6638433761645
470.0
520.4344207655208
454.0384293021887
60.5921192863355
454.14176996880593
470.6205747757879
470.0
100.6131547293501
419.858702989114
70.3622536248612
403.0586304044122
29.958343316405163
369.06997013448216
630.0
437.2468487229676
170.901931962234
470.0
130.70792251197108
436.9717569032327
50.413073370880156
437.0158747476938
130.49043765090173
402.97563204837314
110.43323318190563
403.01724885024765
490.57444712681325
470.0
60.401891684556674
385.9260528139488
530.3001891378992
436.8631448328388
40.316116972227476
454.0673837020242
620.0463170307628
454.20678666447265
40.46486978698772
419.8108199791322
160.71509597766118
419.7875102009297
20.24532747350615
453.8770797094018
490.39349915955955
436.86681186990177
30.277375196043657
436.84210897572814
620.4956238129267
420.015676909574
540.2592852931032
419.68618049645613
10.0
470.0
490.07470637283484
368.59856805291656
480.53194215043516
454.06076348755585
80.60076970246618
419.8807339188674
120.8003874155441
454.1320183875575
510.0796649624345
402.8249637403844
420.5764343281534
419.78767421332077
430.55374303977845
436.9451710672216
100.7879637860631
454.1482017412549
600.396253443302
419.78436055247477
590.121104679053
402.9300957775446
450.1775312000285
368.5798195681577
440.62855388598405
454.1239142985803
540.3851476617243
454.0373440409919
480.3886857578657
419.7018733683034
130.8737359925506
470.0
490.1181737525285
402.8305838483401
550.4546892904737
470.0
470.19404688391734
402.82089937186174
170.73036698100023
436.9363141137734
10.0
369.0876487097213
19.542518084166968
420.12732749937436
80.3902755768828
385.9233226062117
450.2585218972311
402.8318485437595
570.42838970218
470.0
10.0
403.0109036615348
70.38348338323293
368.86972447498374
170.4994321127293
402.91520691632513
530.0216811631859
368.6192884433015
460.4550690114173
419.7140786584072
160.50558174624538
385.8014065071652
180.84307826982402
454.09648369311367
630.0
470.0
400.4607783406441
385.71574730804235
600.1521584821392
453.98380001066687
520.0662309211236
385.6776041703903
190.45985383311057
368.67441865068366
70.52526442243706
436.99787912955384
360.56530311176766
419.733279590177
19.78647798339479
386.06263500092814
160.8449278968683
454.1121178253861
60.25606663437873
317.7609503678974
530.4899798370402
470.0
90.6227415283076
437.02204629004365
611.014012579393
470.0
500.48285113642316
454.04254089001745
500.3610184141598
419.6821201185747
70.20185333252067
334.8822078609774
580.2611619428981
454.0311189000467
150.4736882159208
368.7600406155988
420.2726982788791
351.4362726141685
50.052521914642256
369.0743904801572
420.37503210953867
385.67669489278893
590.1759208799261
436.8093848206235
30.26723335043451
470.0
29.881725856718973
403.14213655419667
590.4195276896528
470.0
380.53807730515433
385.7712193860515
120.51777463010446
351.7554207109792
510.34701128772355
436.8612850990792
140.51420969469348
351.7084091307278
50.26878803739744
403.00300933580127
410.3218406535332
368.59431230047244
120.46372303808559
385.88281346316796
540.0468608947436
385.6839213343509
100.45276793150754
385.9043889048804
430.7007634849957
470.0
550.2588373059685
436.8568765399472
410.71700548899855
470.0
100.49258898239228
317.5963479389561
570.0207732516516
402.85060218344864
50.471430663096925
470.0
530.0522140678918
402.8218471541282
10.0
335.0393571861557
570.2228852929444
436.8499240599097
380.73206217000006
419.81168915331574
60.15466098323964
351.97183853361173
450.4962693225123
436.9134793367552
580.1010769630964
385.7761065199311
70.67393001906274
470.0
80.48247083159339
351.8094054021674
440.28693311350764
385.66630007412584
550.0195377185058
402.8377687792514
120.69073430436252
419.8263364461984
160.4868274499056
317.42399605190934
520.3110556593523
419.6807166859202
150.89315409551668
470.0
90.4008175698934
403.02287574291887
90.77612937651554
470.0
460.214737632941
385.6594368158927
180.51204782042822
351.6052630362917
620.2092587776909
385.84387041199625
500.1039208760689
385.674053916959
560.3286010343732
454.0360692626519
470.43914783008745
436.8921074719733
610.4053061404184
436.9475144283709
160.5201341129254
351.65453724985747
350.41751874731983
402.82486847970694
10.0
437.099129539504
550.0199584671167
368.6384660706357
110.84904906541409
470.0
500.0916244432339
351.494035361469
80.65950871939259
454.1475925089473
630.0
402.8903035378439
150.72680797577735
436.9546276711834
140.83767533477126
454.12313678145205
430.24788942151554
368.5776429239686
420.6724512272602
454.16534595008267
210.89065124661622
470.0
130.46050947074178
368.8126398468957
180.7088687864934
419.76265883337027
140.49244518540442
317.48564832332977
110.44062732699325
368.8394243477117
410.60230898747403
436.98748010177695
480.154919570378
385.66106494975776
140.7100221530203
419.8102516021891
140.50870688470516
385.8387793278293
190.90087477875954
470.0
560.0312703881885
385.7105873221484
410.4449204669686
402.86926084754003
430.33593267228025
402.85509990124604
400.6593442438369
419.8145230152924
610.3293537329631
402.9350246148652
390.6855951353202
470.0
190.72354489371799
436.91586142670553
110.67527117719165
436.9781467820106
370.6706570131302
470.0
600.1711551954712
385.8269388843381
440.525376682856
419.73932908875037
580.2194343316114
419.68347151737964
380.62939703128666
454.11304048402917
60.45864442277596
419.87417799001656
170.4666575434657
334.52992514403724
90.41153911422504
368.87716025382684
400.7056786871554
454.1766738960219
570.0520297628401
368.6994696311057
390.63679630282087
436.99509295674403
510.0410562565457
368.60854437235923
350.679276615227
470.0
150.50035272632
402.948889304344
360.63598777255174
454.0699774274076
90.43380863039792
334.71849736841483
150.4705001025626
334.58756985700626
450.1363790886553
334.2932279088405
630.0
368.7869890237824
110.46118993791521
334.6968575670274
470.10194560569386
334.3193814455315
230.8720341537271
470.0
220.47277198156306
385.6926076003988
330.6997347451939
470.0
470.1193343338643
368.5853982151527
120.48824658384913
317.54413773314593
100.47579744008912
351.7889430496024
340.6421027747064
454.0519163486437
510.01077827714965
300.31084874422766
190.4918672157192
402.8826599433349
230.42699768100707
334.3805016086234
460.1656755188874
351.45200375605634
370.5803415354725
436.9030581340679
29.936193361938543
334.99130780646544
350.55233071360703
436.88882630770286
540.0642891691458
351.5366464826057
310.73302905377153
470.0
40.137701185412865
351.97463725589796
250.84386373978134
470.0
50.159079935586234
334.87273368763204
290.7706608160133
470.0
580.108878878575
351.6153694681262
130.46971291830806
334.6413412850039
270.80883587014296
470.0
610.2520457620469
368.7690539043025
320.66428449397694
454.0318670955667
480.1239376778761
351.47122402702007
370.5639979568924
402.95019116614026
520.0731134935828
351.51026359955404
330.56514841927003
436.85949486214236
40.04667697584932
317.84285427973805
200.83368966475905
454.07878008430083
90.19963071744911
300.7805296422278
260.7621632215814
454.03195134564874
80.25438503914556
317.7327322088903
300.69480809877473
454.021824911208
499.99720014920376
317.29351006960235
310.58286803424716
436.84520050805514
240.7924741029755
454.0454716986478
170.32957043108576
300.4307964775004
230.69001934258407
436.8760444701228
620.1791889785854
351.7395154217669
220.8167640434227
454.0613693516944
630.0
334.7008877730851
430.1515619277727
334.3291617919639
560.101354989238
351.576715164178
180.47801423065397
317.3626165327046
50.0110682750739
300.8991224064005
250.66511043239927
436.8586833004911
530.0374220338714
334.4401302561293
210.70955869893598
436.89544649366513
180.499854140926
385.7634116490013
590.0810239884838
368.7427532019232
499.9707976546883
283.12680824614745
620.2596722891047
317.6044616711326
200.6969504344956
419.7378683849412
110.31169429099522
300.64487793313293
220.6799090177429
419.7141347740468
600.1564046620041
351.66666872661256
200.4887577664729
385.7268411479725
19.74083565118104
317.9412175590847
280.72839891532124
454.02300895042856
630.0
300.49016208866607
240.65825397067206
419.69220794648436
590.096233813253
334.545967609413
210.47844476971707
402.85171186562434
270.63654080815496
436.8457204599111
10.0
300.95301040478864
260.63312584760894
419.6739278495592
570.0617783236651
334.5077983805431
230.45967914277855
402.8232990759103
19.739938430740764
283.7848607684202
330.35589728745543
402.82992206634526
600.212709884833
317.4545913490951
340.57635490031345
419.69770509483743
60.02495575878444
283.7063596970691
360.6047371208913
385.7968486235782
560.0791568579475
317.3475742501949
250.43597201011463
402.7990012341693
70.12649104382805
300.8009247974169
440.11900400247174
317.16777074243504
510.0686306397781
334.3757012729692
190.45620387653656
334.47617774684016
290.6074832163345
436.8406790717819
490.0807060530029
334.3485883487176
559.9808373093905
214.66075827802152
29.870965574131095
300.89648194143047
280.60719278693256
419.66301410343317
440.2192820201192
351.4425275970915
170.46926714582688
368.71690782723937
550.0465186436887
334.47750596373754
240.45250062829646
385.66198503354275
280.42985863374395
351.43010510168097
300.58443668118326
419.6639566627075
580.1053175218825
317.38658905594735
270.40725381293305
402.78313972870006
630.0
266.25621569562185
190.3215995699375
300.3627631347162
290.3742769705777
402.7832563266699
489.9760831170042
265.9301693212604
320.5748960577959
419.67452331787433
540.0796476652962
317.31502932192626
370.4630830988685
368.6977383487016
10.0
266.6714457661367
310.3428730329171
402.8031293795029
29.91210209212058
266.6551710220913
320.3683660885151
385.6703397096594
70.0906009230282
266.57872691537835
340.36762518301424
385.7040921008921
610.1374549358953
300.4922993561551
560.0074019045153
248.97288020118356
80.19439734718658
283.63932205200865
390.39564619413244
368.6417139669124
620.1273595899426
249.11415353582868
290.3703012853212
368.5460296040474
260.42932989943563
385.63744908250857
529.9419879861531
231.72661231769683
200.49997394393608
351.55798095152056
600.0496181190168
283.33364512718055
210.4459352493058
368.6342630493749
19.80664607863231
249.53133793331102
280.40441100211143
385.624883415101
519.9874270168638
317.3154908438053
200.46578222384062
317.30537114756186
39.99833519549951
283.7476662875202
300.380901458833
385.63446361027513
610.2724910584307
334.6150429549024
250.40837401256528
368.5674204683677
580.0069409593093
283.29839129548685
230.42847257506614
368.59758528947793
270.3884508042261
368.54682151119505
600.0980605834833
249.0668927043026
210.3086069041563
300.30031064225693
630.0
231.9533877925305
220.4844606914962
351.51413581145636
90.15836925355939
266.46471225152055
200.2665335817445
248.80315776460466
590.0027961096365
300.4970956858599
210.44272138047725
334.4260351470744
610.1634700992288
266.2303196778221
190.25934597117504
266.0145577323541
559.9489776515376
283.23995646121136
190.21927379482878
231.65302683747547
490.0425508708081
300.2880852606032
180.3062820610235
283.208564165557
330.3475125161827
368.6192715620936
590.0055945259081
266.18716247313495
400.32791531596706
351.4627631783548
110.18534828846376
266.39379595344275
240.46648433486055
351.475161533997
569.9266014299873
300.4391288101548
380.384047706833
351.5132254618766
100.19189418733599
283.56621427900956
310.35617614590956
368.57586819571236
479.9958531808934
317.25959930360773
260.44600335026996
351.44569778860665
130.32963102883951
300.5768453882443
350.4948642116286
368.7454997271047
460.0072443684654
317.2189113896693
420.1449554014642
317.1447387455558
200.29744204508867
283.13767786628017
410.19226260636
334.32434095653053
529.9508901798096
266.01953851152115
300.41512389715393
351.43802856785516
120.30776150503146
283.44308652999166
470.06799801162714
300.29932415186624
220.28405869420598
283.0729176012535
549.9385250243063
300.35932350774715
340.47190252498297
351.5828022118261
120.1947404954949
249.1916602836927
220.45117979721456
317.25272886213025
620.1121283743219
283.3798637878134
360.4315251218872
351.5688379317108
100.19557294457543
249.2876808986617
320.40001991171266
351.4808190437111
39.938947425444226
249.4953742174819
250.41101548794364
334.3409011496867
50.01563329506486
266.5996183336877
400.1808463588218
317.1487549500461
590.0127032577341
231.910123361991
390.2337509083959
334.3524402023223
80.1146808353474
249.38949774814165
300.3794807723462
317.1493050151977
569.9891163043595
231.84658950827955
310.3695406587435
334.34098880994344
150.33223953728069
300.50252088793076
330.37431967125923
334.4241809231508
529.9832616708948
300.3001120742439
210.24984503111168
265.9411934728652
160.31072308827547
283.28414409030864
370.28036789372027
334.39827721760423
549.9350060842589
231.83336691163615
270.392319778618
334.32111109235393
140.30941638243698
283.3615353524866
270.25561193063504
300.1579764307781
350.3325085941543
334.43321386132504
569.9526960713723
266.17390288116496
290.38016930715327
334.3139530508598
140.26691790129718
249.06976205711626
450.0312765801343
300.29481971745423
580.0064517714591
249.0258017017618
230.29061266701913
300.2449571812198
130.25360708606144
266.26358458372266
380.21752035429125
317.1752097925331
549.9336154978397
266.1248946508856
240.43603695678442
317.205850952936
580.036053344468
214.69829827709634
360.2652493931777
317.20470387006867
170.21894568539608
231.7455780942612
280.39248416812654
317.1494960930923
160.27175905567182
248.9745873073199
250.26641988952508
300.19900583969866
539.9459787281127
214.61239112779904
260.42426160745094
317.16632824109837
499.9087102273589
248.8188090940067
290.2280460202725
300.14323788601183
539.9565176570463
283.17379910336916
150.2652687693942
266.17771274652637
539.9317079564092
248.91747180190006
29.899945408871215
232.3966203563052
519.955082934099
283.1497494948057
180.2714257206693
248.88648726887277
509.96246911394
265.982805503941
600.0704045503429
214.75842940743587
320.3618916805089
317.1885417990951
10.0
232.4136542395791
429.98459714770945
300.1892667588981
60.118744138009546
249.46261656982327
340.31802731781437
317.2139276866338
610.164438763883
231.93345211533048
210.21560829601776
231.56724315374913
40.08176344946563
180.9504178276146
230.20958139866642
231.49022297872838
459.92025681944216
179.89097793870692
220.25763320722473
248.72682871108972
70.071924464458
232.25617315434997
519.9053492466206
248.86573763899526
509.9260880436701
231.66637125290708
120.14228379456857
214.85011574262228
469.97906122733815
265.8986192879385
40.033183543362185
215.21715552995045
390.0209412371074
300.1517926683399
100.09292029203438
214.96233026064593
459.9326075516907
248.7338276403171
110.13608030612274
232.06724424588336
310.20317503698425
300.147699444384
620.1094851543328
214.79626546821703
479.9221115305021
214.3905004428686
90.09619653042347
232.1874534434214
480.0115750711323
283.08123973960676
519.907819209905
214.54418385117663
200.21514139645225
214.4129279723137
19.807530460572103
215.2389499673652
479.91812264068716
248.78030407883054
29.946504720887283
198.07014176772145
459.99421000876526
283.06182593757774
489.93668943137834
231.60685948132837
60.03705636371713
215.14454163921806
330.16394924980347
300.15805974751976
170.26449879934245
266.0938010062077
469.9511471358575
231.55265885265038
70.0324835207179
197.90907938132003
180.21550246103106
214.50932246285223
529.9395439653919
197.41266244602582
370.0671548810548
300.1536339392231
130.16000316314916
231.97203391124407
409.98791799824846
300.16426950800764
19.874967872351817
180.94279931752126
440.0112239503039
283.0259910795381
50.01757250510338
232.36572939339808
350.1164995958666
300.1596329216973
50.0706496570814
163.6728594674983
449.9888655761124
265.8622256516283
240.26689656605367
283.0163055611461
590.0285070527988
197.54741465506376
439.94976800558106
248.68653792827115
80.0971668892112
215.0564014834576
150.10895700877134
163.1265344812441
630.0
197.61405230017286
499.8987695944192
180.14328795463692
10.0
163.75078963186115
459.93389526549464
214.32989087343674
40.027026580504966
146.52149155784386
230.23649205597806
265.8751030296337
100.13668328461276
180.676907929723
449.96553887207824
231.5001265567791
610.1057636720008
197.61512187534825
400.0100218589831
282.9364291550609
569.9862961041608
197.507855847579
429.9933133814741
265.81264812281665
60.12148643479195
180.8727214964048
419.9926866238388
282.9733592526032
170.1167336422965
162.9915312430115
499.91277128091826
214.46102230328455
549.9481640313963
197.45816240264023
10.0
198.0636044281737
420.0084389620692
248.62522582835857
80.12285917464705
180.78026275059736
140.05316890086286
145.97223039874
150.20515526715513
231.8463571894042
590.0891308894057
94.34482174904318
50.00465829059396
197.97652913643577
280.2250734835911
282.9321982111074
620.1556090752036
180.4294597325154
380.0399767254571
282.91844409200695
120.05133375943736
146.09564943926088
240.2455379135403
248.6583562086889
580.064886061031
180.4302025405844
260.2466749176432
282.9701365579202
600.1297545162535
180.4665377200805
320.16467887613516
282.91263782333215
509.9572814932118
197.28226021963587
180.20096019692983
180.18223934920775
19.941335981566002
146.5799223723114
429.9816661691744
231.43026875517882
30.001624602282316
163.77172556394012
439.9456200198427
214.2744986332947
440.01404950088437
145.3172697249922
110.06262374010262
197.70938834282535
409.9827494192361
265.7947579379943
110.08756032986881
163.37100481837413
300.19828174702207
282.9167882626848
170.15034308458172
197.35114299910018
590.0748996179437
128.78230670191232
519.9198078750837
180.23927430598573
360.0794431922436
282.9136588759717
90.047679896425
197.80464938591845
220.17570026863032
179.8729665492452
489.96336872014297
197.19648854111495
250.2198274317394
265.8181982550214
160.201557314381
214.61772890897686
390.0038070227413
265.75165349859304
280.1759956607567
214.10126730259853
340.12347332131475
282.9131888920089
140.15402409679913
214.7398379031627
370.03320572578474
265.7268567507307
60.051141139100906
146.41584729293035
220.2228949613651
214.330141765694
540.0135340875095
180.30297584635267
400.0222652284917
248.56343865236565
70.0770412058429
163.5774684077132
250.19632902838077
231.41774116243386
570.0575086731025
163.17845497611856
350.07087694881324
265.71547454081826
160.18716930974438
180.31933877583486
270.1984868392201
265.7703137015265
610.1518148591459
163.23782817885404
240.21357289797942
214.2451015932564
190.16527224300185
197.23970986670136
469.9607307076431
197.1276557591234
380.0470253418322
248.52077626008756
10.0
129.40434166883875
290.1757017549793
265.7374776359551
150.11795974168638
197.47753750962653
449.9572136980453
197.07186572166077
560.042662460664
180.3726753841743
260.22561775262295
248.59708013584572
89.99605521885229
129.0120937288054
310.14618775657493
265.72005754246163
590.0791304350201
163.23347995497804
210.18599961709722
197.15394807940316
130.09569618412033
163.25549141447223
360.0767998304857
248.49531699591972
479.89144312556493
180.04917672105523
330.110427512519
265.71357597806895
19.878928955063053
112.14279065022318
419.99813709811417
214.1927068884598
550.0324592415473
163.1171607912173
270.17785381327747
231.35538977735106
29.9806102122028
129.32581212207222
409.98617067446617
231.3971030806578
630.0
163.2433269106361
280.2024587909755
248.546854259881
69.99932897456632
129.1186409616714
300.175753849482
248.5109102975505
320.1445551954703
248.49079560573307
630.0
128.86871779714886
290.1550752449053
231.3069040919322
49.99717031736487
129.22531157420147
469.9431130418947
162.7581872673509
130.0910084530853
197.58926914793366
350.0663524348643
231.26710908488946
80.05131514601621
146.31503591477914
340.11055442775677
248.48560201457045
529.9610723102052
163.07582311986246
310.1282790779084
231.27517912647443
90.08020122407248
163.47919566908593
429.97562493309425
196.98750853768266
10.0
60.4327548011228
330.09803027766225
231.26165297019128
610.1457661327041
128.8313636952132
390.00933351858833
231.33612612594308
120.14981802773963
180.5685826945979
370.042638115305
196.79960703378214
140.17143532271547
180.44638659190653
400.01825661600594
214.12277483718242
100.05002370251212
146.2094404480049
390.0178289202977
196.85556839773201
119.75895051836675
77.0516283924272
409.9910463520944
196.92940348936312
29.737412062904728
60.31999886841672
439.9415946575094
179.80660589749303
109.9921547233995
128.90011720376944
570.1106895499234
94.24397548896513
10.0
40.44907178101908
370.03578229867736
231.29214768503104
129.99040704668548
128.77985510189936
380.0438242114365
214.06559084735778
10.0
94.93866825978627
580.0886410785254
145.986024391205
200.186728529463
179.97928054284083
600.095595255258
146.02475411945045
260.19637222795564
214.1671879215761
560.0688045205982
145.93091938253727
190.1295793395936
162.85566182366097
509.9408100077841
162.98047293483307
320.12605135338396
214.02147942174338
450.0515599448235
128.11821129773602
230.1800426845751
197.05744271997807
540.0198975498776
145.87370051662833
59.78733467916691
77.40248736409545
460.00478866953773
145.42723491712485
119.9046134516013
111.59492771561068
489.92750001493084
162.8744533599344
89.8571557510777
94.50943377474219
620.1032126996274
146.07235474928024
99.90976017825143
111.71344563514006
550.0467473595594
128.6836382812517
360.07045185095467
214.02832898637587
600.1432253600808
111.57203011118777
210.11842237089638
162.73913301718622
79.91568843358509
111.82632578319159
530.0457656080711
128.59285399965404
570.0559278226366
128.7495916331525
340.09826474510515
214.01345937937052
169.9938377232869
128.50468635612796
380.0690582138025
145.0010360402855
510.045375852944
128.48937144927228
300.15235095091253
214.05149461748474
580.0815743810298
111.5306357646846
330.09111341117733
196.76087270813323
29.872228050654076
94.84846457468458
250.16862187312057
196.96656023329953
520.0163829657563
145.7792675370831
350.0673122365625
196.76745533906907
39.922888556370566
112.04262197311759
240.16388492366167
179.76890289285484
500.00071031434476
145.66803878541984
270.15333950224294
196.8871884050893
59.91956973839234
111.93637505372755
149.9915049490363
128.6499163080491
560.0923160613448
111.46229458510328
230.11281143909596
162.6130453036467
19.79139782315258
77.63403604779711
429.97834547858446
162.57030047955345
420.031208961138
145.210318424129
520.1087675184469
111.27547131970846
160.06270753085755
145.83694546140876
220.05793121492837
145.4117813262822
540.1017495628813
111.37734845873506
449.9712984361061
162.66685676074638
109.84964985591469
94.39390777956177
260.1502903282477
179.67364985259934
409.98710902451717
162.45560920172937
390.0085045832858
162.36204263137313
69.86621527243376
94.62374923986575
290.13514210970783
196.82329319443176
39.63500732775172
42.966307263735835
400.03242660187766
179.613858313006
129.84155685720242
94.27057924777249
280.13543560651345
179.59240880903886
400.0494001485281
145.10392697448614
420.01778059246146
179.69883148870176
139.90097129151894
111.46743513680424
310.11425416063673
196.77994743289108
300.12020744717154
179.5297517086594
49.87317012545519
94.73414781690538
340.0877481637007
179.48171376107328
25.944091634983906
28.42024780270258
310.00693269692744
127.66277422595432
39.79053250790811
77.51573019787845
380.0537395415356
179.54431771825304
99.76848225002394
77.17346655531928
360.0708729780068
179.49921681939304
109.68935840257183
59.82572468972576
340.06037327093344
144.92669429280573
500.2368975893447
76.60340921650656
628.720286319827
74.44792447035239
180.06135573856974
145.68471328091852
630.0
94.37650969370944
620.1429261378896
111.63508140327828
320.10372053629095
179.49119568905587
570.2578588393882
59.68785695732555
49.734265781721795
60.20918107882963
610.2114596643892
94.34394599416102
159.89893045774312
111.3272550230301
630.0
32.2403499114722
69.71709926294841
60.08604544742849
580.1625268442274
77.00934648712436
190.00077670239045
128.3564279442606
630.0
52.23376602126744
79.7758760522149
77.28691562254272
550.1279437744888
94.16356500496771
139.7499747862699
76.92125742093016
600.1270933154054
77.13642625462663
200.0656758301817
145.54274683978866
530.1435176136468
94.06735871667854
289.9747487761673
127.71832960185313
612.9671339463863
62.14298558486258
149.83488984964725
94.13751638714729
480.0052101501089
145.54806628070546
129.6783605891518
59.699976246947074
590.283202702899
59.762416301919274
370.03376607365783
162.28379056983078
612.7329015775761
42.16992709513758
310.07163910337005
162.2536847783881
596.4242829929527
30.63471778042188
250.10272355107256
162.49688857783815
500.1160204212595
111.16047883082526
350.0473737550446
162.24301695838153
89.70282508593837
59.94472626791893
49.522626095182375
25.59430174021348
580.345681590058
42.474674375690434
59.6214885585043
42.839365855337185
69.51543187073759
25.4672557767946
139.5788706831467
42.346890709676174
490.04615384682535
128.36959494421916
330.06037595568375
162.2345404112884
293.1024461375851
374.68569100124705
270.08967356224235
162.39655876268637
470.048325276215
128.24618878038208
430.06879363221327
127.9862792279672
169.8322749276146
93.9936685440466
290.0790309701167
162.31642187604305
350.0959621535251
127.64028982513547
209.9981519149335
128.2096787083018
129.48108161697297
25.102967054562473
320.0608318724045
144.93447669171437
560.1884882171092
76.92388358270549
240.05300554200198
145.27744527740728
440.1502243421476
110.74536552120793
613.7584341531433
20.682934011621022
280.0353033909174
145.0607678858239
586.563972877693
13.257163167433864
300.0334517222083
144.9846310271569
550.4697660435273
24.996074966915714
269.97283987775444
127.80844554201319
480.24454351646415
76.4759463924383
570.4588811432429
25.105135546107263
89.50557208871504
25.347977582002766
530.4767775863004
24.88700676800056
229.98639445085522
128.06725357156972
520.3898457126562
42.14454674136836
260.04065669030973
145.15559965595594
500.40054654438984
42.004027049413445
79.61007345427116
42.71844989333655
560.3649066601639
42.364448012626056
179.90607243322535
111.17667010198183
480.122197952947
111.03613733662033
109.49244525857254
25.230343108116898
540.3782425846726
42.25602809231134
99.59535613747047
42.60481006338818
550.2702400978786
59.59060778202414
119.58574308704539
42.48054039781925
370.11592058634477
127.67078026875727
530.2866518720177
59.490370704936495
149.66868457113952
59.5652040985673
540.2092218617399
76.83012512979558
199.9141016090029
111.01496719577537
520.22528201437
76.72329664289707
219.91281496943603
110.85527407530984
510.1557919429543
93.9572132346083
249.97181849613617
127.91448538476757
450.189153444449
93.47333637999346
460.13067028778676
110.90350373294093
149.47293444537098
24.966267643504892
199.7284665450203
76.4175800045424
510.2997392968589
59.37702408052343
159.57514178571802
42.20439002315891
490.3093566994241
59.24993569373542
159.74301601870718
76.78008041143094
360.0748762779428
144.9548446583637
209.82486336105387
93.65312536801552
470.1756643002315
93.7074137624578
189.8324552460444
93.83337015098162
490.1661083409316
93.83599498722
169.66427665437269
59.41837317239564
410.0802213767475
127.85610851887319
179.73474454359786
76.62699246421289
420.1605937628493
110.597436337987
259.88246917793936
110.55927479342607
